x_x,x_y,x_z,y_x,y_y,y_z,z_x,z_y,z_z
1.0,8.91886342907e-13,4.07851493049e-07,8.91886342907e-13,0.99999999999,-4.37358380735e-06,-4.07851493049e-07,4.37358380735e-06,0.99999999999
0.99999999101,-2.97500399062e-05,-0.000130745439528,2.97192997851e-05,0.99999997192,-0.00023510994328,0.000130752430387,0.000235106055503,0.999999963814
0.99999999761,-4.85862216656e-06,-6.89704324869e-05,4.84047751374e-06,0.999999965384,-0.000263076445176,6.89717082884e-05,0.000263076110698,0.999999963017
0.999999987129,-0.00013056477755,-9.32451635184e-05,0.00013053362017,0.999999935678,-0.000334072687299,9.32887756468e-05,0.00033406051137,0.99999993985
0.999999983233,-1.96055449283e-05,-0.000182071224329,1.95592112512e-05,0.999999967429,-0.000254479348135,0.000182076207605,0.000254475782699,0.999999951045
0.999999969005,-0.00016679301262,-0.000184850681474,0.000166772618204,0.999999980006,-0.000110339055841,0.000184869081562,0.000110308224389,0.999999976828
0.999999972303,-0.000227971971453,-5.85046158401e-05,0.000227956321739,0.999999938277,-0.000267362779712,5.85655634489e-05,0.00026734943581,0.999999962547
0.999999964276,-0.000246091533708,-0.000104337517591,0.000246080920826,0.999999964549,-0.000101717471649,0.000104362545701,0.000101691792543,0.999999989384
0.999999944445,-0.000285712036128,-0.000171693853166,0.000285726707483,0.999999955531,8.54322196612e-05,0.000171669436517,-8.54812724343e-05,0.999999981611
0.999999959946,-0.00026080661757,-0.000109941084102,0.000260824761271,0.999999952365,0.000165049106019,0.000109898032966,-0.000165077774765,0.999999980336
0.999999913638,-0.00036501773111,-0.000198712021522,0.000365019322568,0.999999933349,7.97266084832e-06,0.000198709098115,-8.04519388726e-06,0.999999980225
0.99999981337,-0.000576773462116,-0.000201475005375,0.000576773779521,0.999999833665,1.51730438393e-06,0.000201474096722,-1.63350960109e-06,0.999999979703
0.999999793319,-0.000616408631,-0.000182762170804,0.000616419535559,0.999999808236,5.9614970227e-05,0.000182725388574,-5.97276160782e-05,0.999999981522
0.999999753529,-0.000656061010563,-0.000250050931868,0.0006560689335,0.999999784287,3.16045822736e-05,0.000250030143395,-3.17686251322e-05,0.999999968238
0.999999656795,-0.000781764661433,-0.000274326131713,0.000781771585236,0.999999694101,2.51329919617e-05,0.000274306399712,-2.53474437108e-05,0.999999962057
0.999999680913,-0.000756883568205,-0.000255540578793,0.000756877374459,0.999999713272,-2.43336556365e-05,0.000255558923267,2.41402349896e-05,0.999999967053
0.999999676502,-0.00077502296615,-0.000215258161395,0.000775011731424,0.999999698312,-5.22703799326e-05,0.000215298607199,5.21035354228e-05,0.999999975466
0.9999996074,-0.00087919334078,-0.000110540277187,0.00087919875381,0.999999612308,4.89297908052e-05,0.000110497215585,-4.90269584693e-05,0.999999992693
0.999999633893,-0.000854311638221,-4.86296547486e-05,0.000854306379068,0.999999629241,-0.000108065266606,4.87219581337e-05,0.000108023682418,0.999999992979
0.999999587784,-0.000893956395779,-0.000158976378024,0.000893941602147,0.9999995961,-9.31022568143e-05,0.000159059543171,9.2960102838e-05,0.999999983029
0.999999655408,-0.00080453067029,-0.000204727394537,0.000804501480303,0.999999666218,-0.000142622212215,0.000204842070147,0.000142457459577,0.999999968873
0.999999596216,-0.000887208869027,-0.000142929237266,0.000887184490399,0.99999959191,-0.000170537520538,0.000143080481338,0.000170410647075,0.999999975244
0.999999570454,-0.000926859106479,4.94604711075e-06,0.000926860171646,0.99999954629,-0.000219885127848,-4.74224233356e-06,0.000219889617691,0.999999975813
0.999999663627,-0.000815910277947,-8.38871267603e-05,0.000815893074965,0.999999646167,-0.000204903068793,8.40542795981e-05,0.000204834556943,0.999999975489
0.999999698083,-0.000769501120956,-0.000108178595077,0.000769480572498,0.999999685926,-0.000189862859033,0.000108324660783,0.000189779560383,0.999999976125
0.999999743094,-0.000658549929183,-0.000283063448592,0.000658500429703,0.999999767889,-0.000174928260718,0.000283178581884,0.000174741818375,0.999999944638
0.999999610351,-0.000741176513199,-0.000479536868065,0.00074115145112,0.999999723972,-5.24386860682e-05,0.000479575602022,5.20832561899e-05,0.999999883647
0.999999676529,-0.000522722928778,-0.000611311883003,0.000522621209109,0.999999849565,-0.000166543606852,0.000611398847202,0.000166224068424,0.99999979928
0.999999678171,-0.000540846678223,-0.000592572405312,0.000540757007553,0.999999842319,-0.000151474180478,0.000592654236182,0.000151153694048,0.999999812957
0.999999689877,-0.00042994289407,-0.000659844493976,0.00042979616066,0.999999882884,-0.000222501435253,0.000659940079609,0.00022221776762,0.999999757549
0.999999706926,-0.000383609985133,-0.000662564169804,0.000383387077756,0.999999869882,-0.000336525627139,0.000662693178184,0.000336271509972,0.99999972388
0.999999637013,-0.0004018081986,-0.000751347897165,0.000401485895183,0.999999827355,-0.000429068586537,0.000751520170724,0.000428766775208,0.999999625688
0.999999644623,-0.000376870272724,-0.000754136534929,0.000376590581928,0.999999860275,-0.000370983180152,0.000754276242089,0.000370699047597,0.999999646825
0.999999672245,-0.000287554194798,-0.000756850383911,0.000287154595194,0.999999819362,-0.000528032733205,0.000757002085222,0.000527815227074,0.999999574179
0.999999680879,-0.000305723994748,-0.000738088219815,0.000305297774905,0.999999786639,-0.000577508255122,0.000738264620466,0.000577282734136,0.999999560855
0.999999612405,-0.00030229784753,-0.000826925932591,0.000301868364342,0.999999819524,-0.000519448739254,0.000827082811587,0.000519198915139,0.999999523183
0.999999534123,-0.000363481740747,-0.000894223164019,0.000362992299096,0.999999784274,-0.000547438678698,0.000894421955076,0.000547113827537,0.999999450338
0.999999551935,-0.000360106714935,-0.000875473107104,0.000359621885211,0.999999781941,-0.000553886040323,0.000875672374282,0.000553570952857,0.999999463378
0.999999529679,-0.000227729088402,-0.000942752456796,0.000227119733494,0.999999765283,-0.000646413882429,0.00094289944276,0.00064619946072,0.999999346683
0.999999594918,-0.000267303678231,-0.000859484153087,0.000266816583985,0.999999803777,-0.000566793321514,0.000859635490377,0.000566563767291,0.999999470016
0.999999623701,-0.000285351619965,-0.000819251100765,0.000284970185072,0.999999850972,-0.000465668707715,0.000819383857994,0.000465435070346,0.99999955599
0.999999567255,-0.000282031476903,-0.000886537503241,0.000281555757907,0.999999816349,-0.000536682363519,0.000886688701748,0.000536432521533,0.999999463012
0.999999585299,-0.000386242246188,-0.000824753660935,0.000385776635766,0.999999766185,-0.000564629315865,0.00082497155179,0.00056431091102,0.999999500487
0.999999566643,-0.000533461222575,-0.000762976195683,0.000533025589438,0.99999969489,-0.000571054989536,0.000763280598584,0.000570648056229,0.999999545882
0.999999556745,-0.000444168744072,-0.000830195452785,0.000443546416187,0.999999620646,-0.000749649964661,0.00083052810893,0.000749281402157,0.9999993744
0.999999607617,-0.000440861948701,-0.000768379233188,0.000440214845709,0.999999548512,-0.000842131921826,0.000768750150194,0.000841793339442,0.999999350203
0.999999585056,-0.000308475402465,-0.000857164622843,0.000307674211978,0.999999515861,-0.000934673209626,0.000857452531551,0.000934409094339,0.999999195827
0.999999582599,-0.000240672006842,-0.000881406936737,0.000239728667298,0.999999398585,-0.00107021493058,0.00088166397742,0.00107000318536,0.99999903888
0.999999585839,-0.000215783504107,-0.000884171485999,0.000214831502463,0.999999397315,-0.00107666961004,0.000884403280663,0.00107647921624,0.999999029511
0.999999443544,-0.00019089550687,-0.00103753073148,0.000189771690777,0.999999395381,-0.00108315468594,0.00103773687353,0.00108295718925,0.999998875152
0.999999438069,-0.000359541852845,-0.000997291652806,0.000358541024421,0.999999432174,-0.00100354368608,0.000997651902474,0.00100318555218,0.999998999154
0.99999926668,-0.000377635382761,-0.00115066566615,0.000376522730657,0.999999461544,-0.000967027094555,0.00115103023022,0.000966593133636,0.999998870413
0.99999933408,-0.000438826207603,-0.00106736626475,0.000437764252336,0.999999409208,-0.000994960738825,0.00106780224901,0.000994492821466,0.999998935391
0.999999327159,-0.00039244811461,-0.00109163447093,0.000391331467373,0.999999400228,-0.00102293871303,0.00109203526657,0.00102251083384,0.999998880965
0.999999274832,-0.000238504689826,-0.00118044567113,0.000237264152753,0.999999419621,-0.00105093418278,0.00118069563875,0.00105065334323,0.999998751042
0.999999259768,-0.000170565537311,-0.00120472827188,0.000169317615167,0.999999449142,-0.00103587966624,0.00120490429361,0.00103567491773,0.999998737791
0.999999153224,-0.00027465376191,-0.00127205250854,0.000273437400654,0.999999505366,-0.000956294599397,0.00127231452925,0.000955945962897,0.999998733691
0.999999271891,-0.000378718325855,-0.00114577056977,0.000377738641159,0.999999563024,-0.000855139996104,0.00114609392629,0.00085470657165,0.999998977972
0.999999072739,-0.000332424718709,-0.00132061168129,0.00033117330131,0.999999496085,-0.000947710055119,0.00132092605806,0.000947271825014,0.999998678914
0.999999009485,-0.000414963246489,-0.0013449289819,0.000413824847707,0.999999556004,-0.000846605623593,0.00134527969497,0.000846048219986,0.999998737212
0.99999896262,-0.000561900164667,-0.00132628319816,0.000561054490887,0.999999639142,-0.000637912809575,0.00132664116287,0.000637168030673,0.999998917019
0.999998799848,-0.000580131038675,-0.00143657613796,0.000579113000829,0.999999580995,-0.000708970283487,0.00143698683169,0.000708137492696,0.999998716804
0.9999976866,0.00161755464256,-0.00141785433764,-0.00161863119021,0.999998402384,-0.000758461082857,0.00141662522021,0.000760754311487,0.999998707212
0.999965160731,0.0082255682862,-0.00142033444245,-0.00822656928112,0.999965915945,-0.000700361800184,0.00141452515788,0.000712021879784,0.999998746071
0.999856712116,0.0168769508779,-0.00131292234194,-0.0168776105693,0.999857441438,-0.00049301330922,0.00130441461222,0.000515101658382,0.999999016586
0.999721153799,0.0235694598854,-0.00144748308843,-0.0235703856232,0.999721983968,-0.00062585397742,0.00143232962471,0.000659797194993,0.999998756549
0.999662980228,0.0259173980922,-0.00148809857521,-0.0259180435408,0.999663984485,-0.000416103729307,0.001476814225,0.000454532097789,0.999998806209
0.999647663397,0.0265013365382,-0.00149272436896,-0.0265020896254,0.99964863931,-0.000487001435794,0.00147929369536,0.000526390162375,0.999998767301
0.999589300008,0.0286123203266,-0.00160200947127,-0.0286130706275,0.99959046215,-0.000447401328209,0.00158855219764,0.000493055990634,0.999998616698
0.999399568819,0.03461497723,-0.00151828720027,-0.0346156738859,0.999400603318,-0.0004349825262,0.00150232023372,0.000487277883718,0.999998752796
0.999050478315,0.0435393953373,-0.00156934143876,-0.043540333434,0.999051508197,-0.000568624165908,0.00154309537891,0.000636413894447,0.999998606916
0.998315195208,0.0580028092481,-0.00156369328069,-0.0580035046276,0.998316298077,-0.00040304478794,0.00153768275736,0.000493065426593,0.999998696208
0.997100415704,0.076079901674,-0.00161541442707,-0.0760802718439,0.997101681737,-0.000168858782358,0.00159788568238,0.000291270330837,0.999998680961
0.995186563722,0.0979861280311,-0.0015563098579,-0.0979865577077,0.995187717803,-0.000202096316324,0.00152901782016,0.000353620984286,0.999998768528
0.992518171433,0.122087136242,-0.00155259126756,-0.122087798569,0.992519246468,-0.000338868019465,0.00149960528889,0.00052588511697,0.999998737314
0.989457180368,0.144818259331,-0.00146968809859,-0.144819136466,0.989458012825,-0.000508497179728,0.00138055498906,0.000715975146991,0.999998790723
0.986123085564,0.16600955,-0.00144548463353,-0.166010382164,0.98612389035,-0.000475283087568,0.00134652539877,0.000708653081254,0.999998842339
0.983374282509,0.181584530077,-0.00144185212064,-0.181585323496,0.983375095148,-0.000438786377709,0.00133820464812,0.000693310423114,0.999998864264
0.980921922564,0.194398485598,-0.00118769946819,-0.194399205469,0.980922359494,-0.000523027228328,0.00106336526359,0.000743936707317,0.999999157906
0.978944248826,0.204125055409,-0.00105803788706,-0.20412575778,0.978944487968,-0.000603728835384,0.000912524175621,0.000806989656706,0.999999258033
0.974971142497,0.222330152777,-0.000757933875751,-0.22233075338,0.974970946874,-0.00082997212251,0.000554435679711,0.000977710878133,0.999999368341
0.970019553082,0.243025962906,-0.000669322472941,-0.243026424225,0.970019397423,-0.000725087566497,0.000473040677845,0.000866012164451,0.999999513128
0.964509581383,0.264047372086,-0.000502707773914,-0.264047720148,0.964509249445,-0.000842151694321,0.000262498355924,0.000945002219753,0.999999519033
0.958617511099,0.284696934566,-0.000350518806078,-0.284697134589,0.958617141107,-0.000847544829632,9.47199208832e-05,0.000912263014837,0.999999579402
0.953380356511,0.301771123078,-0.000291711996397,-0.301771264022,0.95337989328,-0.000939840919757,-5.5044978769e-06,0.000984056169025,0.999999515801
0.949640936797,0.313340196706,-0.000110852538915,-0.313340114844,0.949640285132,-0.00114073839683,-0.000252169156989,0.00111802642708,0.999999343214
0.946554986707,0.32254248773,2.73757041624e-05,-0.322542254268,0.946554397129,-0.00112582739463,-0.000389039761767,0.00105682771322,0.999999365881
0.94276452192,0.333459227055,-1.00976499601e-05,-0.333459060476,0.942764019817,-0.00102855483174,-0.00033346139811,0.000973052157086,0.999999470986
0.937447814337,0.348125818081,0.00010089298486,-0.348125537821,0.937447358121,-0.00102988795772,-0.000453112449923,0.000930342790359,0.999999464576
0.931902949808,0.362707704428,0.000115276571055,-0.362707302328,0.931902306469,-0.00122639144863,-0.000552248129511,0.00110106615449,0.999999241337
0.926795275277,0.375566927467,2.67970313517e-05,-0.375566533877,0.926794402711,-0.00138337793926,-0.000544386340838,0.00127204406984,0.999999042773
0.920655628665,0.390375562978,-0.000365017138845,-0.390375612959,0.92065420641,-0.00164712678898,-0.000306943483255,0.00165893033872,0.999998576867
0.912510509327,0.409053127368,-0.00033069317073,-0.4090530836,0.912509062301,-0.00166913612128,-0.00038100483528,0.00165837531338,0.999998552312
0.90257429201,0.430534053584,-0.000275875024113,-0.430533846957,0.902572738116,-0.00174900973453,-0.000504010974875,0.00169738475828,0.999998432428
0.891382900346,0.453251051615,9.58160607075e-05,-0.453249916834,0.891381103952,-0.00205922506286,-0.00101875455122,0.00179212938745,0.999997875203
0.879281882593,0.476301756366,8.8464430389e-05,-0.476300479269,0.879279926147,-0.00215984332341,-0.00110652216623,0.00185697545292,0.999997663623
0.866155148925,0.499775179796,0.000166282127241,-0.499773616053,0.866153182568,-0.0022354026804,-0.00126122457023,0.00185310212153,0.999997487659
0.853704156542,0.520758257823,0.000223635909811,-0.520756451608,0.853702184085,-0.0023019550459,-0.00138968056393,0.00184872874801,0.999997325491
0.843251697219,0.537518847595,0.00025222576618,-0.537516724003,0.84324951735,-0.00245416086717,-0.00153184697673,0.00193389974894,0.999996956734
0.834811138702,0.550536383998,0.000229332017743,-0.550534161753,0.834808820348,-0.00252392792134,-0.00158096254249,0.00198074803186,0.999996788592
0.82817646801,0.560467362422,0.000271099169896,-0.560464885783,0.828174071506,-0.00261133852737,-0.00168808732014,0.00201070755308,0.999996553702
0.821570863086,0.570106339209,0.000280931085695,-0.570103512733,0.82156816097,-0.00278238216574,-0.00181705774622,0.00212576431855,0.999996089706
0.814104202975,0.580718789486,0.00018503271463,-0.580716098175,0.814101322755,-0.00280171542863,-0.00177764416993,0.00217343682991,0.999996058069
0.805022446603,0.593244257365,0.000334019469292,-0.593241189959,0.805019867122,-0.00281141884064,-0.00193675039104,0.00206510116608,0.99999599217
0.795630766333,0.605781786876,0.000332193639496,-0.605778826976,0.79562837997,-0.00273747591309,-0.00192261573739,0.00197678418528,0.999996197929
0.787477947536,0.616342630474,0.00049396793666,-0.616339337366,0.787475931721,-0.00273462521423,-0.00207445395906,0.00184900518022,0.999996138903
0.780356677569,0.625334476462,0.000498317971946,-0.625330952437,0.780354534016,-0.00282863298503,-0.00215770641558,0.00189572898624,0.999995875249
0.774917290969,0.63206252994,0.000387817489546,-0.632059136628,0.774914884475,-0.00285825538537,-0.0021071216752,0.00196978793251,0.999995839978
0.765572017352,0.643350003648,0.000508973512365,-0.643345838468,0.765569496502,-0.00307866053244,-0.00237031086037,0.00202949036349,0.999995131386
0.750984958549,0.660319130069,0.000488361657404,-0.660314412228,0.750982030889,-0.00329640495409,-0.00254343008093,0.00215307829705,0.999994447593
0.735949079034,0.677036728248,0.000470821126814,-0.677031774975,0.735946042549,-0.00337611169886,-0.00263225056382,0.00216588543231,0.999994190082
0.720615519593,0.693334391915,0.00083301217921,-0.693328316754,0.72061339779,-0.00348942882013,-0.003019620746,0.00193698563025,0.999993564968
0.704676495944,0.709527784181,0.00116599315508,-0.709518941986,0.704674448421,-0.00409789033349,-0.00372921263155,0.00206039277121,0.999990923836
0.688093428727,0.725621338585,0.00105182359369,-0.725612394789,0.688090999147,-0.00417485593175,-0.0037531148971,0.00210947469581,0.99999073208
0.669162622678,0.743115240875,0.00105980705768,-0.743106152092,0.669160418312,-0.00419300444945,-0.00382506644548,0.0020182527097,0.999990647718
0.650636830363,0.759387632373,0.0014624546976,-0.759376623637,0.650635998138,-0.0044655795014,-0.00434263151665,0.00179491658204,0.999988959852
0.634147249597,0.7732105262,0.00165770994337,-0.773197751589,0.634147010891,-0.00477551215835,-0.00474370807434,0.00174664029964,0.999987223159
0.62084447137,0.783931672635,0.00180969857803,-0.783917495658,0.620844806173,-0.00500865751008,-0.00504998722244,0.00169094294693,0.99998581907
0.610449434137,0.792053099549,0.00183735048032,-0.792037741799,0.610449728097,-0.00522924777042,-0.005263452006,0.00173694041709,0.999984639438
0.601616857077,0.798783051211,0.00167163942194,-0.798767770261,0.601616378535,-0.00527088904579,-0.00521598248984,0.00183580400799,0.999984711558
0.590263704796,0.807208574186,0.00175401251768,-0.807191906892,0.590263470324,-0.00550100444931,-0.0054757874738,0.00183121855749,0.999983331056
0.578424198572,0.81573415749,0.00179744542339,-0.815717016777,0.578424322895,-0.00557236246312,-0.00558525255105,0.0017569824733,0.999982858836
0.568870626162,0.822425394837,0.00163725904978,-0.822408080297,0.568869907334,-0.00565490861271,-0.0055821278525,0.00187041633132,0.999982670546
0.561838989433,0.82724489074,0.00168543710423,-0.827227683249,0.561838751593,-0.00561936601175,-0.00559553570095,0.0017629386903,0.999982790866
0.548527731453,0.836130967134,0.00152762128571,-0.836114187967,0.548526939041,-0.00559122756336,-0.00551293993788,0.00178967754054,0.999983202133
0.537251481717,0.843421118763,0.0012891151793,-0.843405191776,0.537249760452,-0.00551156781346,-0.00534114951264,0.00187385153935,0.999983980273
0.524596399232,0.851349993739,0.00134390261752,-0.8513331812,0.524594960947,-0.00565168441411,-0.00551656603172,0.00182074440264,0.999983126052
0.50977150268,0.860308791853,0.00134078941847,-0.860291689961,0.509770253425,-0.00570060584995,-0.00558777589324,0.00175253641562,0.999982852541
0.4909322292,0.871196793121,0.00130153326358,-0.87118031953,0.490931304891,-0.00559506395052,-0.00551336519445,0.0016129270533,0.999983500499
0.479941172537,0.877299887443,0.00117405104696,-0.877283535965,0.479939732277,-0.00560811081667,-0.00548346873339,0.00166158762719,0.999983585214
0.466767420342,0.884379222622,0.0012513604656,-0.88436132767,0.466766262249,-0.00585649614298,-0.00576345635347,0.00162696679414,0.999982067614
0.452837322991,0.891592203572,0.00130439065242,-0.891573251783,0.452836504232,-0.00601972926916,-0.00595781938719,0.00156299827181,0.999981030532
0.441306916838,0.897355041747,0.00146089081009,-0.897333830707,0.441306818878,-0.00634727343953,-0.00634045889844,0.00149018892507,0.999978788734
0.428615100798,0.903485812332,0.00157552626007,-0.903462802416,0.428615693118,-0.00659941388953,-0.00663777209888,0.00140517907927,0.999976982462
0.413430321221,0.910534484385,0.001523890171,-0.910510136827,0.413430663641,-0.00681007324845,-0.00683082945862,0.00142797332254,0.999975650034
0.396352642954,0.918097295765,0.00139209616669,-0.918071783379,0.396352252942,-0.00700657912886,-0.00698448180275,0.00149903194541,0.999974484633
0.377364475248,0.926063449711,0.00159371571904,-0.926037307645,0.377365970715,-0.00705896558067,-0.00713846409639,0.00118796262853,0.999973815195
0.35626722434,0.934382863665,0.00152609012885,-0.934355829997,0.356268673444,-0.00719828270709,-0.00726965011508,0.00113860099107,0.999972927521
0.338956968985,0.94080085007,0.00139056976617,-0.940773815826,0.338957904497,-0.00722263357661,-0.00726640442262,0.00113995036012,0.999972949574
0.324442443768,0.945904215396,0.00152183395239,-0.945876086676,0.324444630485,-0.00735597741768,-0.00745180090209,0.000947124946234,0.999971786411
0.309278614487,0.950970370398,0.00144680519856,-0.950942348982,0.30928069181,-0.00735544600695,-0.0074422801264,0.000899053815922,0.99997190169
0.291587609552,0.956542853323,0.00156067672742,-0.956514067024,0.29159099303,-0.00745200432535,-0.00758324075709,0.000680102883746,0.99997101554
0.273444431335,0.961886139736,0.00178805923567,-0.961856480774,0.273450056157,-0.00756155935914,-0.00776230404075,0.000347809935133,0.999969812376
0.256763267691,0.966472488907,0.00188482116323,-0.966443144804,0.25677016095,-0.00753208517124,-0.00776351893555,0.000112390308706,0.999969857117
0.238084081791,0.971243362459,0.00151686436459,-0.971215706155,0.23808875725,-0.00733456120674,-0.00748479224008,0.000273039775246,0.999971951274
0.218245249027,0.975892867394,0.00145693034937,-0.975864905435,0.218250028331,-0.0073899576333,-0.00752978203471,0.000191055946358,0.999971632538
0.200655710553,0.979660838297,0.00138842694207,-0.979632049548,0.200660460124,-0.0075118067887,-0.00763762532479,0.000147139397819,0.999970822089
0.184185491759,0.982890465331,0.00142751096364,-0.982860827546,0.184191023544,-0.00763285801542,-0.00776519807209,2.81710004622e-06,0.999969850391
0.164459988386,0.986382824786,0.00135469094022,-0.986352363275,0.16446555631,-0.00775217708827,-0.00786941433368,-6.1279656486e-05,0.999969033802
0.139216719632,0.9902609843,0.00137402593432,-0.990229341533,0.139223261145,-0.00792052550627,-0.00803468375548,-0.000257931217447,0.999967688142
0.112450853833,0.993656332528,0.00137778795749,-0.993625597843,0.112458233303,-0.00783052186985,-0.00793579124254,-0.000488456512739,0.999968391814
0.087039029896,0.996204047926,0.0013046724224,-0.996175283025,0.0870464663757,-0.00759724828567,-0.00768197661943,-0.00063842529898,0.999970289383
0.0659715135013,0.9978208803,0.00111814307684,-0.997790720468,0.0659782391801,-0.00778139460194,-0.00783821112303,-0.000602322407186,0.99996909935
0.0504404320601,0.998726477724,0.00108880998182,-0.998696582061,0.0504473808023,-0.00775878532175,-0.00780383194758,-0.000696034323469,0.999969307401
0.0350259832876,0.999385878125,0.00102327893408,-0.999355026825,0.0350329786253,-0.00788801422216,-0.0079190185291,-0.000746333492302,0.999968365566
0.0168500203717,0.999857633258,0.000888835636571,-0.999826456831,0.0168565460228,-0.00793177638642,-0.00794562986408,-0.000755030791523,0.99996814794
-0.00255783901728,0.999996559299,0.000582107816031,-0.999964256216,-0.00255306442135,-0.00806028245872,-0.00805876856694,-0.000602703914258,0.999967345965
-0.0213194322834,0.999772625133,0.000424078298544,-0.999739652093,-0.0213152756594,-0.00814168631368,-0.008130795753,-0.000597544020685,0.999966765999
-0.0369995781642,0.999315176427,0.000457579745622,-0.999281432699,-0.0369945523268,-0.00824750636809,-0.00822493032346,-0.000762405200305,0.999965884048
-0.0500278427141,0.998747622619,0.000633455309113,-0.998711920591,-0.0500206564115,-0.00851079324006,-0.00846844866474,-0.00105841599396,0.999963581903
-0.0635841762372,0.997976292913,0.000609356598347,-0.99794124298,-0.0635767884711,-0.00844200972277,-0.00838618463231,-0.00114488031518,0.999964179937
-0.0802815613672,0.996772106687,0.000488092855681,-0.99673622541,-0.0802744904385,-0.00853833354229,-0.00847159130727,-0.00117197057887,0.999963428644
-0.102393633101,0.99474385509,0.000454600211664,-0.994707594911,-0.102385971689,-0.00859729192671,-0.00850555863011,-0.0013325022384,0.999962939268
-0.125629284705,0.99207714119,0.000478281358399,-0.992038494146,-0.125620099851,-0.00890037333613,-0.00876977518283,-0.00159262105439,0.999960276512
-0.148668469693,0.98888706956,0.000223107539809,-0.988847600123,-0.148660511937,-0.00897083730124,-0.00883797772923,-0.00155430000875,0.99995973634
-0.170418987736,0.985371686504,8.97527191047e-05,-0.985332392165,-0.17041137693,-0.00894648327392,-0.00880031642746,-0.00161308688476,0.99995997539
-0.190207630886,0.981743885557,-1.80212260357e-05,-0.981704954611,-0.190200251633,-0.00890204306753,-0.00874295399224,-0.00167554499504,0.999960375867
-0.208572648088,0.978006872962,-8.31152429148e-05,-0.977967341085,-0.208564980034,-0.00897378813404,-0.00879376140058,-0.00179040276138,0.999959731298
-0.227325331661,0.973818870115,-4.23392563279e-05,-0.973777959698,-0.227316179755,-0.00915639815506,-0.00892629770369,-0.00204025221278,0.999958078411
-0.253347777823,0.967375235287,-0.000240054595965,-0.967330381761,-0.253338405843,-0.009569986796,-0.00931858327713,-0.00219232278461,0.999954177813
-0.285297091694,0.958439012133,-0.000479054180884,-0.958389041297,-0.285287255729,-0.0100810337058,-0.00979872403888,-0.00241696932039,0.999949070336
-0.318421484236,0.947948754776,-0.000957442147616,-0.947895887865,-0.318414116628,-0.0102876674067,-0.0100570446034,-0.00236825885037,0.999946622177
-0.351121425864,0.936329337137,-0.00105674825025,-0.936277101626,-0.3511133795,-0.010226617545,-0.0099465204765,-0.00260137534527,0.999947148392
-0.380157385066,0.924921099752,-0.00114970099829,-0.924869036085,-0.380148677657,-0.0102102382898,-0.00988072214192,-0.00281817463507,0.999947213218
-0.407350457701,0.913271145694,-0.00119124062287,-0.913217355314,-0.407340030828,-0.0104000595075,-0.00998331425377,-0.00314860738935,0.999945208353
-0.43443890577,0.900700270302,-0.00136390272795,-0.900647760131,-0.43442909311,-0.0102457420389,-0.00982086164905,-0.0032227530232,0.999946580843
-0.459974752296,0.887930571635,-0.00158971892542,-0.887877079088,-0.459965478878,-0.0102980906255,-0.00987520532267,-0.00332538668852,0.999945709588
-0.482443246573,0.875925465441,-0.00175864374225,-0.875871352683,-0.482434175668,-0.010326649819,-0.00989380539326,-0.0034416767915,0.999945132233
-0.501568140884,0.865116379101,-0.00174661436253,-0.865062001154,-0.501557570137,-0.0103796915721,-0.00985566884468,-0.00369519288908,0.999944604136
-0.519587463685,0.854415592927,-0.00169178723693,-0.85436186518,-0.519575302099,-0.0103589949128,-0.00972989764527,-0.00393700539384,0.999944913023
-0.539716306155,0.841844988203,-0.00182337826173,-0.841787870797,-0.53970281828,-0.0106793501893,-0.00997443982077,-0.00422892173171,0.999941311663
-0.559221419934,0.829016385502,-0.00179890410073,-0.828962095771,-0.559207440676,-0.010434657007,-0.00965646219406,-0.00434406039452,0.999943939367
-0.576084432747,0.81738843827,-0.00169331897306,-0.817332505516,-0.576067151539,-0.0106870175837,-0.00971091004997,-0.00477261982358,0.999941458449
-0.589408962627,0.80783310242,-0.00165934016459,-0.807778189013,-0.589390728601,-0.0106285649961,-0.00956410634369,-0.00492419267546,0.999942138424
-0.600117005637,0.799910327834,-0.00174555695856,-0.799856629643,-0.60009959129,-0.0104810566915,-0.00943141351157,-0.00489366505191,0.999943548647
-0.607408208888,0.794387849818,-0.00179215969803,-0.794333938678,-0.607390666967,-0.0104962633732,-0.0094266451665,-0.00495194326388,0.999943306702
-0.613986434801,0.789314341589,-0.00187830837262,-0.789259523878,-0.613968928054,-0.0105621660495,-0.00949009211923,-0.00500255390466,0.999942454647
-0.62072478073,0.784025794075,-0.0020738399832,-0.783970864,-0.620709031766,-0.0104872438402,-0.00950952088751,-0.00488386200977,0.99994285682
-0.627434371928,0.778666650449,-0.00208719948556,-0.778611403582,-0.627418075425,-0.0105280977209,-0.0095074252722,-0.00498057306011,0.999942399719
-0.637733855516,0.770253317004,-0.00231455664076,-0.77019816185,-0.637719507454,-0.0104221541027,-0.00950373668887,-0.00486389324851,0.999943009142
-0.65308320257,0.757282086572,-0.00248432662059,-0.757224553561,-0.653068402834,-0.0106130440765,-0.00965950338133,-0.00505000769829,0.999940593944
-0.670470660417,0.741931925221,-0.00247221732993,-0.741872539082,-0.67045314658,-0.0108496081751,-0.00970717656909,-0.00544027381067,0.999938085155
-0.687388477304,0.726285340455,-0.00258563519121,-0.726226781177,-0.687371292883,-0.0107409507135,-0.0095782864501,-0.00550544823356,0.999938971372
-0.703069833032,0.71111569774,-0.00269709249482,-0.711058237872,-0.703053224131,-0.0105993581779,-0.00943356956054,-0.00553429914764,0.99994018786
-0.715867844626,0.698230222533,-0.0027902278988,-0.698174594417,-0.715852289529,-0.0103795609679,-0.00924471419409,-0.00548232770669,0.999942238003
-0.726761649275,0.686883678608,-0.0028839565113,-0.686827855374,-0.726746129481,-0.0103711313769,-0.00921966510364,-0.00555655887864,0.999942059536
-0.73792608279,0.674874914171,-0.00299108014417,-0.674819260789,-0.737910946689,-0.0103150387551,-0.00916851167534,-0.00559329765054,0.999942325044
-0.750074019464,0.661346560563,-0.00311322283453,-0.661290891356,-0.750059233522,-0.0102714759447,-0.00912810682099,-0.00564562134445,0.999942400654
-0.76138845141,0.648288000151,-0.00320856965156,-0.64823188829,-0.761373471678,-0.0102886165004,-0.00911290643007,-0.00575373662042,0.999941923039
-0.77142240447,0.636315011294,-0.00326807037625,-0.636257646203,-0.771406346106,-0.0104142611497,-0.00914776092887,-0.00595445961167,0.999940429666
-0.78306445257,0.621930962942,-0.0034554964353,-0.621873987392,-0.783049836894,-0.0102808922234,-0.00909983112047,-0.00590171789423,0.99994117967
-0.796316443725,0.604869639001,-0.00358347166196,-0.604815307649,-0.796303782288,-0.00993629447128,-0.00886369488798,-0.00574509616149,0.999944212835
-0.808082270905,0.589057105377,-0.00384318270099,-0.5890017792,-0.808071009208,-0.009906976175,-0.00894133923244,-0.00574201035663,0.999943539291
-0.816688801661,0.577065208884,-0.00389177832279,-0.577008107346,-0.816676055595,-0.0100927833091,-0.00900251627839,-0.00599707546189,0.999941493182
-0.823498604135,0.567304782009,-0.0039157753333,-0.567249708948,-0.823486756507,-0.00986557433275,-0.00882137662466,-0.00590306427389,0.999943666987
-0.830215087616,0.557429002312,-0.00397689267438,-0.557373869259,-0.830203228461,-0.00984730016774,-0.00879079984549,-0.005958761114,0.999943605912
-0.85241746042,0.52284667338,-0.00397860603906,-0.522793892013,-0.85240470183,-0.00963175848541,-0.00842731537732,-0.00613028817156,0.999945698487
-0.884139734203,0.467204231583,-0.00413961296664,-0.467151897744,-0.884125398419,-0.0095595138166,-0.00812618227042,-0.00651811795162,0.999945738178
-0.903298875627,0.428990134711,-0.00431342231345,-0.428938936473,-0.903285089953,-0.00935067088278,-0.00790759562405,-0.00659625571508,0.999946978265
-0.920789091328,0.390032486153,-0.00470202467405,-0.389978676436,-0.920775664894,-0.0094237393754,-0.00800507439304,-0.00684358705744,0.999944540512
-0.937718817433,0.347358443444,-0.0050528408899,-0.347304330729,-0.937707029084,-0.00923198046112,-0.00794489078218,-0.00690212827702,0.999944618134
-0.952522068095,0.304424274778,-0.00525078260502,-0.304370262847,-0.952510223611,-0.00911136714481,-0.00777514544853,-0.0070805961943,0.999944704607
-0.963956575495,0.266009669374,-0.00515522646435,-0.265956810668,-0.96394179319,-0.00912108549731,-0.00739563517982,-0.00742126275206,0.999945113213
-0.972184715048,0.234159061968,-0.0051394091527,-0.234107706579,-0.97216901581,-0.00899924551044,-0.00710362922497,-0.0075457536423,0.999946298585
-0.978579967133,0.205804262241,-0.00508464058752,-0.205754239796,-0.978562894025,-0.00893617610407,-0.00681474373875,-0.00769857655949,0.999947144196
-0.983798370603,0.179202491899,-0.00521851474822,-0.17915132101,-0.983780165727,-0.00902162417182,-0.00675056883642,-0.00794055534957,0.999945687226
-0.988372450495,0.151958972226,-0.00532633660299,-0.151906647141,-0.988352563565,-0.00914224529374,-0.00665354463465,-0.0082268374491,0.999944023178
-0.992018979106,0.125963641662,-0.00561302713348,-0.12591083052,-0.992001306888,-0.00893699555586,-0.00669386675774,-0.00815892829949,0.999944310468
-0.994686037676,0.1027941795,-0.00574831390823,-0.102739891649,-0.994667046591,-0.00905434095089,-0.00664839196694,-0.00841564537611,0.999942486245
-0.99674017529,0.0804491841719,-0.00607879340165,-0.0803899966303,-0.996718936555,-0.00942390338862,-0.00681699383416,-0.00890450893441,0.999937117181
-0.998285249519,0.0581909572611,-0.00635398182463,-0.0581295329971,-0.998264244396,-0.00945810519277,-0.00689332906011,-0.0090725329062,0.999935083473
-0.999447422054,0.0325918951021,-0.00652831709923,-0.0325301433712,-0.99942700184,-0.00935188562179,-0.00682937206074,-0.00913435088483,0.99993495954
-0.999954434286,0.00688623472857,-0.00661128754395,-0.00682414473767,-0.999932828122,-0.0093685800529,-0.00667535769267,-0.00932303678376,0.999934258131
-0.999837990359,-0.0167175913674,-0.00667196921225,0.0167782834323,-0.999817396863,-0.0091467007554,-0.00651784008416,-0.0092571630922,0.999935909292
-0.999124439966,-0.0412770668729,-0.00682328457678,0.0413394211408,-0.999102203259,-0.0092649717768,-0.00643472779452,-0.00953893037248,0.999933799352
-0.997811453834,-0.0657482141211,-0.00703384226484,0.065811795424,-0.99778940395,-0.00922566790112,-0.00641172209234,-0.00966838688919,0.999932703793
-0.995899628648,-0.0901792368919,-0.00718574225146,0.0902440451187,-0.995876519269,-0.00927203799441,-0.00631996667098,-0.0098824896434,0.999931194843
-0.993719727121,-0.111670137186,-0.00713332965958,0.111734814164,-0.993693389759,-0.00942223185079,-0.00603616060632,-0.0101600989275,0.999930166139
-0.991303126911,-0.131404275878,-0.00714330860285,0.131468093628,-0.991276312347,-0.00934948866514,-0.00585242982191,-0.010207294513,0.999930777706
-0.988672602481,-0.149916890241,-0.00717015504922,0.149979918629,-0.988645750535,-0.00925224071022,-0.00570167616505,-0.0102228161726,0.999931490112
-0.985595109236,-0.168969893911,-0.00717325602958,0.169032625492,-0.985566684706,-0.00928878445537,-0.00550019723964,-0.01036749483,0.999931129069
-0.981726211728,-0.19015787012,-0.00732322587907,0.190220889501,-0.981698514093,-0.00916736738809,-0.00544595290672,-0.0103928753982,0.9999311625
-0.976898553062,-0.213569074315,-0.00758073352284,0.21363404398,-0.976870893864,-0.00915161049261,-0.0054508969512,-0.0105596978072,0.999929387759
-0.970906640363,-0.239345285782,-0.00735730061779,0.239407121664,-0.970876128396,-0.00915278134301,-0.00495235247301,-0.0106478863478,0.999931045983
-0.963884441799,-0.266218725556,-0.00737380645051,0.266279816824,-0.963852419564,-0.00914179703386,-0.00467354363308,-0.010775131762,0.999931024884
-0.956715355061,-0.290935514433,-0.00722881954539,0.290992404159,-0.95668554001,-0.00872916129029,-0.00437608409986,-0.010454854222,0.999935770893
-0.948544270603,-0.316558032703,-0.00740125920305,0.316615856567,-0.948513832684,-0.00871255286383,-0.00426216813898,-0.0106075981236,0.999934654257
-0.939901339505,-0.341366657639,-0.00736729596372,0.341422683941,-0.939870900688,-0.00855809154752,-0.00400285998571,-0.0105591236704,0.999936238977
-0.932322208579,-0.361549985522,-0.00754369665636,0.361606936667,-0.932292029801,-0.00848495861743,-0.00396519160267,-0.010638568397,0.999935546982
-0.925390675893,-0.378938701381,-0.00758667028865,0.37899553478,-0.925359608868,-0.00848403750541,-0.00380546809614,-0.0107263633647,0.999935229673
-0.919078513989,-0.394000985234,-0.00760978041564,0.394057577334,-0.919046535336,-0.00849067913054,-0.00364840638292,-0.0108022923927,0.999934997692
-0.911753507875,-0.410665723,-0.00769446748786,0.410722405311,-0.91172153668,-0.00842290509547,-0.00355621331117,-0.0108399034615,0.999934922802
-0.903370906454,-0.428786721348,-0.00793429064497,0.428845968365,-0.903336791861,-0.00858928910442,-0.00348436354313,-0.011161902439,0.999931633235
-0.894234515304,-0.447527809719,-0.00796813448319,0.447586477099,-0.894200085863,-0.00851774387654,-0.00331317927822,-0.0111832898093,0.999931976122
-0.885000336167,-0.465522295909,-0.00796222302233,0.465580025807,-0.884965299068,-0.00846516477616,-0.00310556813636,-0.0111987256728,0.999932469715
-0.874976936623,-0.484098303922,-0.00801202327339,0.484155599219,-0.874941767577,-0.00838206982461,-0.00295230801924,-0.0112131837066,0.999932771934
-0.864908525216,-0.501862250928,-0.00821730509806,0.501921068363,-0.86487305317,-0.00835721446268,-0.00291275528726,-0.0113526645897,0.999931314073
-0.85379953633,-0.520540638439,-0.0079872082135,0.520595628839,-0.85376412253,-0.00818622705822,-0.00255792795257,-0.0111475025492,0.999934592957
-0.841985177471,-0.539441650075,-0.00797916562499,0.53949591521,-0.841947702638,-0.00825975149346,-0.00226238619209,-0.0112593155886,0.999934052536
-0.828728112994,-0.559591507623,-0.00818897607575,0.559646917226,-0.828691433,-0.00811399479318,-0.00224561173986,-0.0113072308098,0.999933549672
-0.813940454992,-0.580888783553,-0.0083160609369,0.580944190579,-0.813905180862,-0.00788695117924,-0.00218704360446,-0.0112506759211,0.999934317409
-0.797633414617,-0.603080702185,-0.00863727612462,0.60313871471,-0.797597621918,-0.00785648323784,-0.00215097746907,-0.0114760691723,0.999931834243
-0.779523210634,-0.626310126536,-0.00889884718164,0.626369715028,-0.779488374314,-0.00767166245684,-0.0021317080388,-0.0115542073225,0.999930975675
-0.759773199271,-0.650125052294,-0.00906101808506,0.650185093282,-0.759738824751,-0.00750084259666,-0.00200752154559,-0.0115902780658,0.999930815263
-0.739600395488,-0.67298491817,-0.00908597326034,0.673043716467,-0.739567257343,-0.00724068994367,-0.00184681319521,-0.0114704743568,0.999932506472
-0.717631035709,-0.696360999012,-0.00933036131158,0.696421127107,-0.717599180186,-0.00700216512361,-0.00181942492731,-0.0115228317508,0.999931954706
-0.6954334099,-0.718527261347,-0.00953661871774,0.718588293145,-0.695403214815,-0.00672560634628,-0.00179926380589,-0.0115301139218,0.999931907243
-0.673048183682,-0.739538416661,-0.0094378347699,0.739597310828,-0.673016333733,-0.00669569604549,-0.00140009250329,-0.0114867232778,0.999933045223
-0.650547022168,-0.759405896667,-0.00955280357701,0.759464482356,-0.650519240302,-0.00619822843064,-0.00150731130656,-0.0112872540719,0.999935160852
-0.629068893908,-0.777291241274,-0.00952118458194,0.777348318808,-0.6290425286,-0.00592355126069,-0.00138490551251,-0.0111275986674,0.999937127316
-0.606072794606,-0.795350309039,-0.00967747639038,0.795408132233,-0.606046906695,-0.00574891848532,-0.00129260053706,-0.0111818065128,0.999936646187
-0.583117036116,-0.812328919428,-0.0098106499137,0.81238712965,-0.583093006845,-0.0054494905101,-0.00129374261978,-0.011147736478,0.999937025118
-0.561879206799,-0.827161592763,-0.00977018035888,0.827218603141,-0.561854789202,-0.00534588330196,-0.00106751327923,-0.0110858156183,0.999937980631
-0.542252986538,-0.840157853411,-0.00982242041898,0.840214702112,-0.542229148171,-0.00517737655123,-0.00097618908718,-0.0110603899437,0.999938355515
-0.525493443149,-0.850737131372,-0.0101476358131,0.850796796953,-0.525472426791,-0.00485169829943,-0.00120478292335,-0.0111831116909,0.999936741255
-0.512307747367,-0.85874592734,-0.00980837723579,0.85880155199,-0.512284957667,-0.00490065790855,-0.000816264096759,-0.0109340946063,0.999939887837
-0.502089347316,-0.864761755785,-0.00966400760811,0.864815464917,-0.50206695749,-0.00479393746974,-0.000706365113511,-0.0107645681678,0.999941810867
