x_x,x_y,x_z,y_x,y_y,y_z,z_x,z_y,z_z
1.0,8.91886342907e-13,4.07851493049e-07,8.91886342907e-13,0.99999999999,-4.37358380735e-06,-4.07851493049e-07,4.37358380735e-06,0.99999999999
0.999999643597,-0.000245247356354,-0.000807874033569,0.000246179583858,0.999999303805,0.00115402954652,0.000807590448436,-0.00115422801731,0.999999007777
0.999998971217,-0.00110131644335,-0.000919057830524,0.00110353486703,0.999996470648,0.0024167960274,0.00091639292964,-0.0024178077534,0.999996657209
0.999998772668,-0.00148527048579,0.000498631741845,0.0014842795128,0.999996934476,0.00198190662992,-0.0005015738807,-0.00198116408859,0.999997911704
0.99999760558,-0.00182591655708,0.00120617736171,0.00182379038783,0.99999678547,0.00176148780127,-0.00120938981416,-0.00175928376885,0.999997721146
0.999997197765,-0.0023393771622,0.000363010806878,0.00233849190936,0.999994337033,0.00242019799242,-0.000368670507071,-0.00241934231262,0.999997005428
0.999996744409,-0.00242185265765,-0.000803617390492,0.00242450374498,0.999991567793,0.00331453218325,0.000795583305648,-0.00331646976586,0.999994184021
0.999995457092,-0.00235260939384,-0.00188441595092,0.00236068565884,0.999987989472,0.00429512215722,0.00187428857336,-0.00429955115858,0.999989000391
0.99999361261,-0.00208943653088,-0.00289982648718,0.00210384562795,0.999985412352,0.00497482832576,0.00288938959749,-0.00498089733687,0.999983420907
0.999988057523,-0.00206764043139,-0.00442828110482,0.00208591500393,0.999989311857,0.00412615196511,0.00441970237609,-0.00413533970663,0.99998168243
0.999977181466,-0.00226313755968,-0.00636512028965,0.00228320589114,0.999992440512,0.00314736238999,0.00635794925856,-0.00316182345193,0.999974789359
0.999966755635,-0.00234478704981,-0.00780958373045,0.00237052560831,0.999991784333,0.00328814143776,0.00780180957805,-0.00330654494381,0.999964098619
0.999944430719,-0.00256665746962,-0.0102248590708,0.00261323899363,0.999986257063,0.00454496059955,0.0102130531942,-0.00457142803979,0.999937395835
0.999916622456,-0.00301823714326,-0.0125554123874,0.00309558121032,0.999976325737,0.00614535128445,0.0125365670198,-0.00618370519883,0.999902293365
0.999894331222,-0.00357769607547,-0.014089942557,0.00368348060669,0.999965172646,0.00748902301011,0.0140626583933,-0.00754013168436,0.999872685922
0.999859637688,-0.00457276456545,-0.0161181496025,0.0047072080389,0.999954366424,0.00831307772598,0.0160794003265,-0.00838778236655,0.999835535472
0.999822985462,-0.00570183889024,-0.0179300522655,0.00585942684158,0.999944561071,0.0087488228767,0.0178791738641,-0.00885233403738,0.999800965855
0.999788986212,-0.0064385203558,-0.0195071398638,0.00662326660779,0.999933686908,0.00942094078824,0.0194451893661,-0.00954815382791,0.99976533115
0.999708839664,-0.00787643741132,-0.0228078414469,0.00811534531644,0.999912973599,0.0104012690987,0.0227239316175,-0.010583334171,0.999685758611
0.999656180489,-0.0089608787654,-0.0246419046049,0.00922844907219,0.999899457864,0.0107661455593,0.0245429529301,-0.0109898505101,0.999638367935
0.999607912972,-0.00986290095603,-0.0262057915131,0.0101232167914,0.999900544077,0.0098194926561,0.0261063365084,-0.0100809294691,0.999608340329
0.999559869149,-0.0108203718107,-0.0276222291053,0.0110799068922,0.999895736989,0.00926017361368,0.027519150607,-0.00956214965223,0.999575540739
0.999522347263,-0.0114501658738,-0.0287048954716,0.0117320696067,0.999884402254,0.00967164264466,0.0285908353379,-0.0100037907898,0.999541138875
0.999513991855,-0.0116909458681,-0.0288981292076,0.0119671867653,0.999884162071,0.00940472651415,0.0287848315596,-0.00974598504986,0.999538117956
0.999472378301,-0.0121773971556,-0.0301110612782,0.0124262918357,0.999890042363,0.00809261734499,0.0300092033216,-0.00846251633941,0.999513798571
0.999375741009,-0.0133589324231,-0.0327057671917,0.0136045641106,0.999880810488,0.00729935975191,0.0326043573536,-0.0077397507675,0.999438368355
0.999234895021,-0.0143298474163,-0.036390658771,0.0146182379775,0.999863720848,0.00767117011605,0.0362757727856,-0.00819726817567,0.999308197256
0.999218207476,-0.0146502048681,-0.0367198222419,0.0148969467473,0.999868198286,0.00645500073985,0.0366204154231,-0.00699696750504,0.999304752125
0.999274684697,-0.0144839316843,-0.0352181806319,0.0146699504556,0.999879742483,0.00502922724214,0.0351411023971,-0.00554222843167,0.999366992964
0.999358847113,-0.0146142450573,-0.0326851424743,0.0147416884762,0.999884631239,0.00366153429536,0.0326278610704,-0.00414102088024,0.999458990969
0.999356839108,-0.0158375278089,-0.0321726722553,0.0159199535446,0.999870607072,0.00230742126892,0.0321319654905,-0.00281812467351,0.999479662108
0.999320842648,-0.017194484211,-0.0325914584104,0.0172510399905,0.999850131247,0.00145487582145,0.0325615581299,-0.00201612428423,0.999467698415
0.999308399593,-0.0176318332373,-0.0327389822767,0.0176780618199,0.99984310009,0.00112309113837,0.0327140433777,-0.00170107616069,0.999463304832
0.999327242125,-0.017912375742,-0.0320032801803,0.0179649924833,0.999837695225,0.00135729572043,0.0319737735042,-0.00193132127693,0.999486842238
0.999407472691,-0.0177359874098,-0.0294981063835,0.0177697555662,0.999841715534,0.000882986246701,0.0294777766585,-0.00140663719334,0.999564446174
0.999462310676,-0.0171787002568,-0.0279281541705,0.0172058437709,0.999851700659,0.000731867395808,0.027911439913,-0.00121200133599,0.999609665107
0.999479150437,-0.0172100711598,-0.0272991079146,0.0172236649706,0.999851627122,0.000262879662652,0.0272905332897,-0.000732933430614,0.999627275339
0.999437214697,-0.0175036885619,-0.0286159879166,0.0175218540362,0.999846406734,0.000384151720589,0.0286048686214,-0.000885340689022,0.999590404947
0.999413077412,-0.0174795168901,-0.0294612828399,0.0175408907836,0.99984447929,0.00182602962844,0.0294247828845,-0.00234173503504,0.999564254277
0.999337747229,-0.0177731292254,-0.0317518950817,0.0179320306119,0.99982803543,0.00472671623707,0.0316624263423,-0.00529296191074,0.99948460484
0.999294922244,-0.0182531713295,-0.032809756393,0.0185374192332,0.999793046031,0.00838028617955,0.0326499994843,-0.00898258563537,0.999426480882
0.999279828451,-0.0191081468302,-0.0327826657669,0.0194155493307,0.999770228766,0.00908438864796,0.0326015474211,-0.0097143397941,0.99942121786
0.999212729046,-0.0206263264746,-0.0338891836555,0.0208840886191,0.999755473213,0.00726970587271,0.0337309495156,-0.00797172735912,0.999399156798
0.9990394485,-0.0226613400755,-0.03750525305,0.0229502837988,0.999710017081,0.00729151713798,0.0373291416177,-0.0081452694617,0.99926982831
0.99878660521,-0.0246393172799,-0.0426406062041,0.0250763109848,0.999638052341,0.00974386670373,0.0423850903133,-0.0108013126484,0.999042959919
0.998492398157,-0.0263002394937,-0.0481791264387,0.0269406762086,0.999556459066,0.0126919307145,0.0478239562066,-0.0139707745818,0.998758072143
0.998389142977,-0.0271002324515,-0.0498467309601,0.0278625589123,0.999504220996,0.0146625380298,0.0494246598085,-0.0160277762554,0.998649244425
0.998155024935,-0.0277700665699,-0.0539941626377,0.0287192816249,0.999444910728,0.0168841133563,0.0534953181054,-0.018403636151,0.998398496151
0.997914748217,-0.0288196845419,-0.0577544896427,0.0299209679762,0.999384824644,0.0182950251775,0.0571917036497,-0.0199849456787,0.998163168515
0.997315362586,-0.0307661215527,-0.0664493289309,0.0321237579819,0.999294437593,0.0194599889297,0.0658037363976,-0.021542348076,0.9976000178
0.996611262281,-0.031849585803,-0.0758392759704,0.0335807657661,0.999201227737,0.0216619172619,0.0750887745679,-0.024135251668,0.996884730328
0.995997497087,-0.0321635307249,-0.0833936034007,0.0344647932133,0.999059704637,0.0263036993548,0.0824691689397,-0.029072562018,0.996169474694
0.99540382436,-0.0331375244922,-0.089850603334,0.0360392378556,0.998873573582,0.0308667674608,0.0887265449781,-0.0339630456411,0.995476826323
0.994986665813,-0.0340584526109,-0.0940295520584,0.0373932062333,0.998724324698,0.0339333373414,0.0927538839195,-0.0372792846133,0.99499094064
0.994291600981,-0.0353708523817,-0.100663374777,0.0392986483814,0.998530829837,0.0373068103773,0.0991959094671,-0.0410497827877,0.994220844118
0.993362496715,-0.0364989045216,-0.109081529547,0.0412995236273,0.998260360974,0.0420785106311,0.107355947519,-0.0463042295854,0.993141791918
0.992210463439,-0.0360812295638,-0.119233137658,0.0417370020796,0.99810196931,0.0452822428326,0.117372990505,-0.0499059488609,0.991833139882
0.990875972014,-0.0353453733097,-0.130059650435,0.0419823042364,0.997933373301,0.0486463624876,0.128071441847,-0.0536627155283,0.99031208149
0.989332159863,-0.0346625231981,-0.141493416615,0.0423369515941,0.99777038732,0.0515929909697,0.139389597853,-0.05703300512,0.988593837902
0.987405089159,-0.0344876314277,-0.154407879274,0.0432308783912,0.997624712057,0.0536285842318,0.152191593253,-0.0596283252464,0.986550648356
0.985318510308,-0.0345845179111,-0.167186555577,0.0440261037916,0.99761821476,0.0530999036082,0.164951918539,-0.0596808905692,0.984494314799
0.983538676489,-0.0347823782836,-0.177318521343,0.04425678389,0.997780255029,0.0497584139081,0.175194203471,-0.0567868720381,0.982894827657
0.981833366869,-0.0347150105547,-0.186542509219,0.0437595095219,0.998046650398,0.0445868697626,0.184630292828,-0.0519398851655,0.981434614887
0.97950598003,-0.0338784267412,-0.198545428775,0.0425600368565,0.998307950474,0.0396217021686,0.196867159142,-0.0472597949795,0.979290474491
0.976628193432,-0.0332741191814,-0.212344542635,0.0420469803328,0.998432813923,0.0369319309987,0.210782881751,-0.0449972118591,0.976496711559
0.973697857688,-0.0336857979777,-0.225339186446,0.042851698964,0.998435947984,0.0359080724916,0.223777152161,-0.0446197802411,0.973618437265
0.970603215316,-0.0340260226801,-0.238267975606,0.0433799229371,0.998475723119,0.034123490838,0.236743702566,-0.0434564163453,0.970599793516
0.966846721095,-0.0335786941234,-0.253140058482,0.0428714210318,0.998590746821,0.0312819695896,0.251732912362,-0.0410973437543,0.966923755614
0.962868852103,-0.0333554387132,-0.267901079427,0.0424226869415,0.998703750631,0.0281271062726,0.266615620853,-0.0384477981535,0.963035761296
0.957442355846,-0.0316753051067,-0.286881177979,0.04003014551,0.99892669822,0.0233031979433,0.285835131995,-0.0337953640361,0.957682698333
0.949459460934,-0.0283941624299,-0.312602788826,0.0351436712874,0.999254549003,0.015977129447,0.311916101557,-0.026155646366,0.949749560544
0.941271168536,-0.026126122879,-0.3366392921,0.0314566295901,0.999451121153,0.0103892675982,0.336183086631,-0.0203686555695,0.941576364473
0.932408742994,-0.0255124649919,-0.360503883638,0.029218158773,0.999561378793,0.00483210331282,0.360222480123,-0.0150387550863,0.932745195999
0.921682460186,-0.0257558460692,-0.387089239038,0.0272612602143,0.999627059522,-0.00160173734377,0.386986131893,-0.00907624725601,0.92204086431
0.91129139062,-0.0268902049084,-0.410883095615,0.0256190337239,0.999634777813,-0.00860093583332,0.410964312919,-0.00268846910695,0.911647467852
0.901052279768,-0.0273243199938,-0.432848900498,0.0229799962035,0.999619366647,-0.015265700041,0.433101268643,0.00380832773406,0.901337221987
0.891238905162,-0.0279552935731,-0.452671752474,0.0219345254738,0.999587392249,-0.0185451300813,0.453003411156,0.00659900134387,0.89148435918
0.88278144269,-0.0297309695086,-0.468842184422,0.0229757491362,0.999533480096,-0.0201230494264,0.46922173798,0.0069922541902,0.883052698874
0.874790029144,-0.0315098378604,-0.483476509283,0.02463333695,0.999484925586,-0.0205689629378,0.483875607591,0.00608388392725,0.875115639636
0.866749694442,-0.0327599462063,-0.497666306986,0.0261689622966,0.999453129553,-0.0202145303874,0.498056374918,0.00449752721277,0.867132988447
0.860273645186,-0.0341554657216,-0.50868719225,0.0278879571018,0.999412121461,-0.0199417482848,0.509069265667,0.00296911389266,0.860720434936
0.85606609308,-0.0360372528238,-0.515608534343,0.0295256608393,0.99934705379,-0.0208254995809,0.516022363499,0.00260432135175,0.856571151674
0.852217545505,-0.0374028003639,-0.521848910757,0.0308085546594,0.999298097554,-0.0213106824317,0.52227970293,0.00208392678399,0.852771698144
0.846536573025,-0.0381628170873,-0.530960855358,0.031629771451,0.999270667289,-0.0213937152844,0.531390052682,0.00131639191674,0.847126247394
0.838102613724,-0.0379777322912,-0.544189030318,0.0322484438895,0.999278321197,-0.0200717376609,0.54455857971,-0.000727073613923,0.838722495602
0.828212511693,-0.0372743367325,-0.559173192576,0.032262342228,0.999302075794,-0.0188282391228,0.559484742195,-0.00244645368895,0.828837039541
0.817612771876,-0.0361016033746,-0.574635562334,0.0315715420967,0.999341864115,-0.017862708542,0.574902246469,-0.00353735220229,0.818214454862
0.804378721997,-0.0351688276484,-0.593075058622,0.0302551142138,0.999375997343,-0.0182275614934,0.593346020179,-0.00328169101679,0.804940824435
0.790175073362,-0.0348662359438,-0.611888632864,0.0293168104648,0.999387906864,-0.0190875938415,0.612179612583,-0.00285608221125,0.790713579454
0.778705673851,-0.0352815389735,-0.626396588848,0.0296889398416,0.999371267444,-0.019381348226,0.626686556712,-0.00350468481281,0.77926354773
0.768185290285,-0.0361331467258,-0.639207130355,0.0299785535685,0.99934105383,-0.0204632464668,0.639525328752,-0.00344294027144,0.768762317005
0.755477796244,-0.0360415642274,-0.65418216502,0.0288719439118,0.999347209851,-0.0217155478232,0.654537783659,-0.00248189656285,0.756025217802
0.742639658887,-0.0343198238408,-0.668811248963,0.0292719773459,0.999395041317,-0.0187803816304,0.66905118518,-0.00563037152054,0.743195001682
0.730587218434,-0.0341470817652,-0.681965023346,0.0303651545893,0.999385477083,-0.017510727623,0.682143880459,-0.00791485957155,0.731175137263
0.718607514031,-0.0355723126908,-0.694505472511,0.0317281591521,0.999327965546,-0.0183559580198,0.694691704783,-0.00884465080355,0.719253229021
0.703392509696,-0.0360388349857,-0.709887441554,0.0325958689032,0.99929860764,-0.0184337217742,0.710053861783,-0.0101732561592,0.704073872705
0.686804098392,-0.0361268834669,-0.725944198078,0.0338317152676,0.999270416934,-0.01772142437,0.726054781318,-0.0123887905228,0.687525252187
0.672717364771,-0.0377904043042,-0.738933848513,0.0372580573304,0.99915799815,-0.0171794032654,0.738960881441,-0.0159743567983,0.673558932555
0.660845258076,-0.0404083798025,-0.749433591267,0.0404145412391,0.999016713821,-0.0182282847008,0.749433259026,-0.0182419392729,0.661828544199
0.648300290168,-0.0412651701485,-0.760265690072,0.0398331861424,0.999001003188,-0.0202561820713,0.760342061871,-0.0171517160358,0.649296363448
0.637079849382,-0.0421195922625,-0.769646156008,0.0381995958619,0.999004215044,-0.0230514468103,0.769850671486,-0.0147145598543,0.638054406255
0.62845464832,-0.0447217523278,-0.776559540456,0.0384799893546,0.998910947817,-0.0263857679432,0.776893844372,-0.0132997443365,0.629491120967
0.620483767595,-0.0476644818448,-0.782769436885,0.0396767985245,0.998780923323,-0.0293669689552,0.78321494228,-0.0128360576983,0.621618524348
0.607215694886,-0.0483299682648,-0.793065769058,0.0386678336325,0.998763070634,-0.0312590367736,0.793595550974,-0.0116851574816,0.608333427134
0.589629327062,-0.0472549271451,-0.806290412029,0.0369190051475,0.998820401928,-0.031540319448,0.806829748911,-0.0111703425406,0.590678406343
0.57204981605,-0.0474630702712,-0.818844469309,0.0363954548224,0.998809878722,-0.0324684005592,0.81941099506,-0.011228674322,0.573096447422
0.557737435921,-0.0487333634862,-0.828585548906,0.0367402900787,0.998745923755,-0.0340107463693,0.829203897517,-0.011473406948,0.558828468563
0.544749475701,-0.0500215692598,-0.83710563929,0.0375533792416,0.998673129663,-0.0352381014846,0.837757573783,-0.0122402082291,0.545905142742
0.522259689924,-0.0490511857476,-0.851374651641,0.0370041407789,0.998707593599,-0.0348401500267,0.851983280262,-0.0133087815151,0.523399815141
0.481387412777,-0.0444367597208,-0.875380793258,0.0338009925185,0.998912314214,-0.0321197978841,0.875855953753,-0.0141266732415,0.482365821113
0.436476307587,-0.040430830445,-0.898806865164,0.0302597708548,0.999084315939,-0.0302469157508,0.899206749965,-0.0139956276798,0.437300060853
0.401724107608,-0.040063453112,-0.914883960452,0.0271076399466,0.999125009492,-0.0318495096247,0.915359447006,-0.0120056291611,0.402458628489
0.380868673574,-0.0436173673089,-0.923599793611,0.0260497811404,0.998996419044,-0.0364357467299,0.924262117796,-0.0101823379572,0.381622663899
0.364200245669,-0.0472997462543,-0.930118763954,0.0256970149468,0.998839592894,-0.0407324328939,0.930966081271,-0.00906651371296,0.364993087403
0.347646898314,-0.0495314957591,-0.936316327435,0.0255077099667,0.998733719633,-0.0433625875741,0.937278502274,-0.00880841624429,0.3484701149
0.330213342558,-0.0492974479656,-0.942618114626,0.0240494260128,0.99875045248,-0.0438082044794,0.943599901179,-0.00820337097337,0.330986300622
0.315346907658,-0.0498108011684,-0.947668302687,0.0233497624105,0.998726438259,-0.0447246030566,0.948689156903,-0.00802406444157,0.316108364274
0.304820208037,-0.0510218236543,-0.951042277863,0.0237697314422,0.998660534635,-0.045957985489,0.952113249902,-0.00859709683724,0.305624686972
0.292670316479,-0.0502943476655,-0.954889817961,0.022169080437,0.998704270977,-0.0458073247921,0.955956389029,-0.00776258493893,0.293406074495
0.275095910765,-0.0474790137561,-0.96024371028,0.0183682654305,0.998857098305,-0.0441260012946,0.961241305139,-0.00549912883385,0.275653610309
0.254737910779,-0.045418840767,-0.965942920526,0.0144920019679,0.998963507489,-0.0431496533476,0.966901535158,-0.00300659416052,0.255132086772
0.23338441423,-0.0448576683792,-0.971349321708,0.0114674331243,0.998992872631,-0.0433790088587,0.972316930415,-0.00101489881466,0.233663768711
0.213721873528,-0.0456028701131,-0.975829564531,0.00759934458547,0.998957212318,-0.0450193060718,0.976864991049,0.00220594532103,0.213845558915
0.194197767626,-0.0444995781783,-0.979952557316,0.00290897600378,0.998992292256,-0.0447876977667,0.980958085194,0.00584701244932,0.194131521237
0.173298759613,-0.0407986270706,-0.984023887894,-0.000942281317688,0.999134272913,-0.0415910663157,0.984868850164,0.0081349075292,0.173110286398
0.151991180541,-0.0372266701932,-0.987680543528,-0.00372460309013,0.999261782081,-0.0382363466269,0.988374831918,0.00949030546787,0.151740323357
0.131515068414,-0.0344236278713,-0.990716306833,-0.00388566691946,0.999371318419,-0.0352401690378,0.991306556204,0.00848420682195,0.131298628561
0.104121712669,-0.0317309128329,-0.994058256905,-0.00622481981919,0.999450559186,-0.0325550512258,0.994545082221,0.00957752122866,0.103866984735
0.0869282448213,-0.0303812314144,-0.995751204383,-0.00734269886107,0.999488178026,-0.0311362611668,0.996187514992,0.0100181217679,0.0866606728021
0.0643649402864,-0.0292501245402,-0.997497661489,-0.0071961513683,0.999530749578,-0.029774083596,0.997900480944,0.00909455127434,0.0641242486872
0.0439218122877,-0.0265215929016,-0.998682872345,-0.00554050599775,0.999625721221,-0.0267903017439,0.999019608015,0.00670988704841,0.0437584302408
0.0251352023428,-0.022356953375,-0.999434033961,-0.00168083826347,0.999747535762,-0.0224062384237,0.999682647837,0.00224307230262,0.0250912781804
-0.0102100889406,-0.016445874903,-0.999812626087,0.000125156828049,0.999864714504,-0.0164480098049,0.999947867851,-0.000293069019929,-0.0102066493501
-0.0579295844974,-0.0100511912344,-0.998270072072,0.000606671668101,0.999948776342,-0.0101032985916,0.998320487213,-0.00119090205931,-0.0579205193592
-0.0935181818308,-0.00431798471192,-0.995608208421,-0.00259783138497,0.999988249386,-0.00409296495414,0.995614182773,0.00220365561017,-0.0935283003309
-0.112176047556,-0.00172801726764,-0.9936868462,-0.00424346179943,0.999990202744,-0.00125993975868,0.993679287993,0.00407533711016,-0.112182281313
-0.135171246038,-0.00015274666644,-0.990822239816,-0.00337580450155,0.999994255022,0.000306377773674,0.990816500765,0.00338623564283,-0.135170985125
-0.163062166,0.00039177771416,-0.986615718773,-0.00280333553051,0.999995700493,0.000860409962243,0.986611813901,0.00290611521149,-0.163060366628
-0.190865290352,-0.000302931551031,-0.981616192395,-0.00249087195237,0.999996882335,0.000175720809379,0.981613078812,0.00247861924493,-0.190865449862
-0.21343456104,-0.00209795331505,-0.976955109893,-0.000729460517126,0.999997757727,-0.00198807141283,0.976957090174,0.000288327030358,-0.213435612835
-0.231115482321,-0.0041109574161,-0.972917639814,0.00470836348622,0.999974637502,-0.00534375021817,0.972914932121,-0.00581587329948,-0.231090264773
-0.252071939006,-0.00631291851638,-0.967687906624,0.00756753391007,0.999935285435,-0.00849454960484,0.967678908521,-0.00946424863761,-0.252007853055
-0.278070379762,-0.00893208101207,-0.960519173066,0.00800299700241,0.99990051504,-0.0116151651449,0.960527363451,-0.0109168654457,-0.277971232523
-0.308262102951,-0.0113994253796,-0.951233162261,0.00942903967254,0.999842469784,-0.0150375804707,0.951254734072,-0.013604731404,-0.308106056721
-0.339263509285,-0.0171365061669,-0.940535279202,0.00910661868195,0.999727375575,-0.0214998609788,0.940647298813,-0.0158592144294,-0.339014962139
-0.370212985889,-0.0204042281756,-0.928722785632,0.00826452374224,0.999646831028,-0.0252568973323,0.928910137057,-0.0170258828875,-0.369913606921
-0.39592467279,-0.0177707798315,-0.918111024256,0.0066105623257,0.999731664457,-0.022201341109,0.918259197581,-0.0148592888618,-0.39570095728
-0.415819628949,-0.0145756584236,-0.909330295526,0.00485428534779,0.99982174528,-0.0182459195052,0.9094341494,-0.0120011602084,-0.415674752733
-0.428493970726,-0.0130696882875,-0.903450109469,0.0029771035988,0.999869527792,-0.0158765313639,0.903539735654,-0.00949266253772,-0.428399154356
-0.44256365941,-0.0132188127852,-0.896639654687,0.000494819107844,0.999887593295,-0.0149851903013,0.896736952804,-0.00707557509069,-0.442507371366
-0.45790309609,-0.0120824225497,-0.888920001832,-0.00202580720819,0.999919223508,-0.0125476118866,0.888999803541,-0.00394480978421,-0.457890584943
-0.4674991469,-0.0103090486644,-0.883933408783,-0.00374165178982,0.999946116715,-0.00968316625916,0.88398560378,-0.00121950094439,-0.46751252938
-0.471954028016,-0.00887559906526,-0.881578481577,-0.00488552641483,0.999960299045,-0.00745197729111,0.881609622833,0.00078998425927,-0.471978652964
-0.471407450336,-0.00596646012725,-0.881895354972,-0.00473468738923,0.999979825732,-0.00423448522201,0.881902828266,0.00217933093382,-0.471426189359
-0.469930765502,-0.00291771578962,-0.882698455062,-0.00441102114221,0.999989813395,-0.000957078287782,0.882692255844,0.00344384101505,-0.469938848609
-0.471318688123,0.000799270408921,-0.881962615643,-0.00460612493899,0.999983720878,0.0033677279608,0.881950949792,0.00564970312361,-0.47130733393
-0.481706897866,0.00362165019533,-0.876324910178,-0.00551538641968,0.999959125437,0.00716435396484,0.876315037564,0.00828438923244,-0.481667233507
-0.502046717087,0.00590409723935,-0.864820348684,-0.00852463331254,0.999894334719,0.0117749744969,0.864798487793,0.0132838636437,-0.501943337916
-0.524603085722,0.00820750941634,-0.851307370601,-0.012597874669,0.999769204356,0.017402056643,0.851253720112,0.0198538361725,-0.52437861244
-0.543497540116,0.009568478927,-0.839356222411,-0.0158006945445,0.999641242969,0.0216269139375,0.839262034135,0.0250165858096,-0.543151367939
-0.55832994691,0.0105468663522,-0.829551947737,-0.0172885336379,0.999554131184,0.0243443101504,0.829438832578,0.0279338941466,-0.557898665144
-0.57399522444,0.0095544056419,-0.818802904033,-0.0191880358169,0.999500426598,0.0251140699904,0.818633801893,0.0301265756903,-0.573525141415
-0.59482941271,0.00622496314973,-0.803827854462,-0.0217675741139,0.999478586158,0.0238480298831,0.803557180599,0.0316828920065,-0.594383758074
-0.614138182004,0.00391920640609,-0.789188781741,-0.023330801078,0.999460442178,0.0231192180484,0.788853577748,0.0326108010214,-0.613715380719
-0.629474785976,0.00152121317874,-0.777019420433,-0.0239523447999,0.999484866089,0.0213608903849,0.776651645848,0.0320575789777,-0.629114085545
-0.637069071662,0.000260817455455,-0.770806674793,-0.023603020649,0.999524403275,0.0198460241265,0.770445257853,0.0308366540279,-0.636759927619
-0.647606507419,-0.00223788815616,-0.76197165525,-0.0238667800526,0.999564601493,0.0173488976908,0.761601069037,0.0294210689433,-0.647377951698
-0.673129183863,-0.00657473647178,-0.739495689421,-0.0270494007466,0.999510244386,0.0157353514799,0.739030061466,0.030594839553,-0.672977357748
-0.705341435008,-0.0120326286924,-0.708765600116,-0.0326780618121,0.999344887403,0.0155544301871,0.708114118159,0.0341322701997,-0.705272559933
-0.731063322008,-0.0123256014704,-0.682198284052,-0.0347473058159,0.999212008662,0.0191829738117,0.681424276023,0.0377285209638,-0.730915531886
-0.745048589224,-0.00725729791329,-0.666970712492,-0.0320795952194,0.999173533803,0.0249629509173,0.666238320172,0.0399947618437,-0.744665642929
-0.758008356236,-0.0027728728275,-0.652238946286,-0.0283959250565,0.999183138363,0.0287528685746,0.651626429265,0.040315842883,-0.757467906578
-0.77601779248,-0.00298936162315,-0.630703931708,-0.0285787632902,0.999128324632,0.0304277046094,0.630063203214,0.0416371785317,-0.775426789143
-0.795497858328,-0.00429245440096,-0.605941195357,-0.0306325377186,0.99898122179,0.0331385899526,0.605181629785,0.0449231938573,-0.794818911215
-0.811924690973,-0.00415557817174,-0.583747400301,-0.0314346865021,0.99883505116,0.0366114880808,0.582915222543,0.0480756876709,-0.811109469543
-0.824526687434,-0.00255022396484,-0.565817318634,-0.0308298751279,0.998706835551,0.040424935671,0.564982531153,0.0507755155773,-0.823539061921
-0.834488031035,-0.000809828677267,-0.551025471496,-0.0299311127928,0.998589180071,0.0438608929651,0.55021255397,0.0530941957489,-0.833334957764
-0.844252959937,6.8042011524e-05,-0.535944899228,-0.028830566344,0.998546286029,0.0455424318911,0.535168887439,0.0539009279007,-0.843023695924
-0.851733559843,0.000798323030448,-0.523974527738,-0.0276262713863,0.998539522762,0.0464285538381,0.52324633985,0.0540202199417,-0.850467567677
-0.852068732966,0.00352597364529,-0.523418037339,-0.025622589815,0.998497533471,0.0484371607745,0.52280240741,0.0546831158821,-0.850698183637
-0.853756275178,0.00256572148259,-0.520666534038,-0.0259436949227,0.998536099034,0.0474613908261,0.520026102506,0.054028473962,-0.852439896247
-0.866574101746,-0.00486411553077,-0.499024715383,-0.0305207265421,0.998597252846,0.0432667523586,0.498114255401,0.0527244439366,-0.865506973731
-0.882001912472,-0.0117647192998,-0.471098946906,-0.0364670576581,0.99839454087,0.0433416020287,0.469832715019,0.0554069683384,-0.881014919146
-0.892267810783,-0.0134208821303,-0.451307028266,-0.0390205746223,0.998110449918,0.0474649820428,0.449817239105,0.0599617351903,-0.891105516601
-0.896678434028,-0.010214518474,-0.442564627553,-0.0372444777373,0.997929914302,0.0524283799106,0.441112950192,0.0634944860151,-0.895202667232
-0.895745167404,-0.00342197755654,-0.44455470433,-0.0316775528356,0.997919892629,0.0561464205615,0.443437851021,0.0643752900197,-0.893990321154
-0.896496132195,0.00101873962544,-0.443050388927,-0.0274201657957,0.997952802071,0.0577783640045,0.442202238198,0.0639465949748,-0.89463289316
-0.902253334374,-0.000416028492846,-0.431206154329,-0.0285030518736,0.997870031585,0.0586768787353,0.430263287586,0.0652321008746,-0.900343421351
-0.912392200228,-0.00652008500992,-0.409265148106,-0.0341521151524,0.99759927652,0.0602438089626,0.4078898209,0.0689432518755,-0.910424473544
-0.922659184373,-0.0120362824259,-0.385428537342,-0.0391266689906,0.997276453675,0.062520226476,0.383626293762,0.0727653959672,-0.920617218981
-0.931581669174,-0.0141437144638,-0.363256863664,-0.040831769801,0.996990750098,0.0658954535165,0.361231726504,0.0762194172137,-0.929355820021
-0.939570935357,-0.0162870005215,-0.341966651951,-0.0422827713325,0.996740799639,0.0687018601163,0.339733166884,0.079009568718,-0.937197344944
-0.94762138157,-0.02068250784,-0.318725510528,-0.0449654848852,0.996601483576,0.0690187518284,0.31621483577,0.079735292088,-0.945330873734
-0.955811023405,-0.0264243445382,-0.292791805817,-0.0484415234845,0.996494754966,0.0682028014601,0.289963284469,0.0793722706002,-0.953740707068
-0.96295506182,-0.0314537884436,-0.267821224156,-0.0513545956741,0.996388113979,0.0676271530173,0.264726754256,0.0788757599939,-0.961092274481
-0.968401546993,-0.033784258204,-0.247097283836,-0.0523973561542,0.996229845085,0.069141975889,0.243829778431,0.0799044407989,-0.966520728951
-0.972131983879,-0.0337262463948,-0.231995573714,-0.0516443101338,0.996095643108,0.0715984288333,0.228675033945,0.0815843740229,-0.970078202397
-0.975038991917,-0.0336478048895,-0.219469336052,-0.0505129894912,0.996146996916,0.0716909926543,0.21621147549,0.0809875654728,-0.972981814889
-0.978063181325,-0.0352795410463,-0.205299214122,-0.050712175267,0.996228896081,0.0704007236683,0.202041304231,0.0792675254874,-0.976163905698
-0.9806171063,-0.0375756093108,-0.192297073344,-0.0518873184538,0.996201026425,0.0699372657006,0.188938606472,0.0785594585962,-0.978841465432
-0.981698327658,-0.0387832825829,-0.18645173763,-0.0529233625209,0.996037940303,0.071467049587,0.182941277936,0.0800267359655,-0.979861322003
-0.982516849552,-0.0407935827279,-0.181649453496,-0.0544041209567,0.996021070053,0.0705848399664,0.178047274538,0.0792332734296,-0.980826822845
-0.983462380198,-0.0442833368506,-0.175615297774,-0.057053076753,0.996029214153,0.0683428927314,0.171891515695,0.0772320570181,-0.982083762314
-0.984409134733,-0.0479611307311,-0.169228795991,-0.0598237069694,0.996043996895,0.0657075363569,0.165407918607,0.0748069929127,-0.98338402177
-0.985709851465,-0.0512565541795,-0.160464495693,-0.061928212695,0.996139141487,0.0622230445309,0.156655626126,0.0712711474015,-0.985078391983
-0.986897053452,-0.0538749350301,-0.152091082132,-0.0635269864046,0.996214967404,0.0593300996087,0.148319007167,0.0682145885917,-0.9865841282
-0.987930572891,-0.0560760357318,-0.144390655389,-0.0649880283647,0.996213006756,0.0577598592344,0.140604905022,0.0664463948316,-0.987833557487
-0.988864593501,-0.0576899811296,-0.137181200601,-0.0660949736387,0.996153966715,0.0575215529762,0.133335179831,0.0659480149387,-0.988874405142
-0.989816817818,-0.0577218553632,-0.130118617339,-0.065870395307,0.996069770632,0.0592123555927,0.126189374302,0.0671803501491,-0.989728772122
-0.990980359726,-0.0583743920638,-0.120624860573,-0.0660667296898,0.99596204792,0.0607847540979,0.116589510099,0.0682057875391,-0.990835433703
-0.992352323094,-0.0607064006005,-0.107478368875,-0.0675940479714,0.995806816168,0.0616427574977,0.103285582385,0.0684362316263,-0.992294598732
-0.993677371187,-0.0635494640195,-0.0925567264593,-0.0695312388866,0.995594592171,0.062903218186,0.0881515105311,0.0689410883443,-0.993718490081
-0.994697961687,-0.0667054024577,-0.0782710310301,-0.0718099171881,0.995342221822,0.0643210482842,0.0736159005175,0.0696006518784,-0.994854988654
-0.99551212859,-0.0708426651782,-0.0627448692708,-0.0749334052103,0.995039130756,0.0654378563816,0.057797808029,0.0698458664108,-0.995882005226
-0.996085326755,-0.0756409525948,-0.0457435035102,-0.0785696063188,0.994719390021,0.0660314476507,0.0405072683076,0.0693670051718,-0.996768468506
-0.996426552948,-0.079712828266,-0.02792829371,-0.0813908026372,0.994544935195,0.065237329222,0.0225756910371,0.0672773133216,-0.997478872602
-0.996470478447,-0.0821943999474,-0.0170489355016,-0.0831212795324,0.994504545391,0.0636518820344,0.0117234156011,0.0648443506784,-0.997826523857
-0.996411318246,-0.0835391803914,-0.0136268195109,-0.0842259383325,0.994532433581,0.0617351590856,0.0083950093788,0.0626613429064,-0.997999539039
-0.996285024294,-0.0852876609427,-0.0119233073503,-0.0858495136073,0.994529635325,0.0595034912754,0.00678316892218,0.0603060473875,-0.9981568861
-0.996151947036,-0.0872723405948,-0.00805214151686,-0.0875896781018,0.994539985765,0.0567297541461,0.00305723828386,0.057216739531,-0.998357099445
-0.996067333133,-0.0885366993304,-0.00333477695992,-0.0885874237109,0.99460517476,0.0539704984371,-0.00146158337183,0.0540536697456,-0.998536962041
-0.996140581277,-0.0877701643023,0.000583602673341,-0.0876151285823,0.994734538003,0.0531675478811,-0.00524705414872,0.052911219628,-0.998585435133
-0.996219730639,-0.0867664493018,0.00422274331621,-0.0864173124789,0.994817981131,0.0535652174677,-0.00884852470642,0.0529978083886,-0.998555424559
-0.996176868879,-0.0870101841891,0.00780216368903,-0.086458061305,0.994755678757,0.0546456147987,-0.012515971645,0.0537621375016,-0.998475329202
-0.996220382506,-0.0864004415569,0.0089394171482,-0.0857729640245,0.99475365777,0.055750865431,-0.0137094172969,0.0547733881792,-0.998404691408
-0.996435615756,-0.08387157724,0.00903449971579,-0.0832470127689,0.994986206631,0.0554290851424,-0.0136381273969,0.0544794194714,-0.998421751734
-0.996561449667,-0.0823552877902,0.00910404360157,-0.0817575008834,0.995224010359,0.0533374188998,-0.0134531812671,0.0524096916475,-0.998535045021
-0.996564931223,-0.0822406566381,0.0097371582964,-0.0816252701043,0.995293052988,0.052240347953,-0.0139876065269,0.0512661005889,-0.99858706871
-0.996584073716,-0.0821438373075,0.00851903797974,-0.0815825081049,0.995261175527,0.0529101772864,-0.012824912749,0.0520344355361,-0.998562936991
-0.996535652051,-0.0826184349633,0.00953354058439,-0.0820032612054,0.995224805075,0.0529438619234,-0.0138621550828,0.0519786645451,-0.998551981165
-0.996422549401,-0.0834673582389,0.0132402097431,-0.0826388265156,0.995110902638,0.0540843397224,-0.0176897540273,0.0527967002728,-0.99844858708
-0.996266206917,-0.0842915198465,0.0186704214606,-0.0831254328495,0.994948847515,0.0562756896235,-0.0233196777236,0.0545135809775,-0.998240683463
-0.995995388033,-0.085992298866,0.0244644957484,-0.084460112202,0.99473950799,0.0579637877481,-0.0293202398234,0.0556653912142,-0.998018881464
-0.995558460717,-0.0881001606268,0.0331920622001,-0.0860190223834,0.994507326269,0.059631416103,-0.0382632863691,0.0565114120845,-0.9976684726
-0.995130717456,-0.0887151314814,0.0429474169297,-0.0858386726163,0.994203731745,0.0647353231861,-0.0484414848883,0.0607335593454,-0.996977861996
-0.99461728648,-0.0899852865313,0.0513721874497,-0.0863433028968,0.993860194759,0.069186323203,-0.0572825233414,0.0643782687042,-0.996280156903
-0.994250460496,-0.0913574926711,0.0558554414197,-0.0871283689629,0.99344732743,0.0739665799099,-0.0622468402829,0.0686747126281,-0.995695292105
-0.993789048813,-0.0943146886649,0.0590598506784,-0.0897183503299,0.993050780119,0.0761627580871,-0.0658326976067,0.0703909625407,-0.995344748476
-0.993315970387,-0.0973684091406,0.061990127247,-0.092404924277,0.992626244915,0.0784504166688,-0.0691716194985,0.0721978587464,-0.994988822173
-0.992677452025,-0.101005997731,0.0662515257523,-0.0954522186457,0.992031766656,0.0822304560451,-0.0740293873924,0.0753044644639,-0.994408813031
-0.991731714316,-0.107194793803,0.070551279227,-0.101236821717,0.991376362971,0.0832106535942,-0.0788626194572,0.0753802568614,-0.994031440211
-0.990723981473,-0.112866771096,0.0756775033688,-0.106430950469,0.990741776119,0.0842804000655,-0.0844893207219,0.0754441849004,-0.993564154772
-0.98957031045,-0.117729946395,0.0830075924121,-0.110565180724,0.990123742065,0.0861992819646,-0.0923360248638,0.0761225007578,-0.992813891619
-0.987871483535,-0.125463524431,0.0914813426703,-0.117477835217,0.989167742643,0.0880121306865,-0.101532705332,0.0761976440106,-0.991909788638
-0.985578195022,-0.134575728075,0.102591397835,-0.125631725854,0.988060543586,0.089179771632,-0.113367945009,0.0750049039898,-0.990717908096
-0.982391674498,-0.146779147134,0.115596193035,-0.136728106059,0.986458443655,0.0905823600716,-0.127326442231,0.0731821078494,-0.989157397081
-0.97867572365,-0.159518069388,0.129413343503,-0.148398216671,0.984685534918,0.0915006372188,-0.14202745237,0.0703447429552,-0.987360025478
-0.977327916796,-0.152766080042,0.146603778398,-0.138225545949,0.984844048669,0.104765921216,-0.160386537773,0.0821262722264,-0.983631757271
-0.976539032053,-0.144175303683,0.159953120274,-0.12490938133,0.984309930338,0.124625870083,-0.17541141734,0.101722381244,-0.979225914598
-0.974472672156,-0.144064869376,0.172186888677,-0.120941271376,0.983018293297,0.138015375669,-0.189146028503,0.113667710696,-0.975347851511
-0.97205168534,-0.147601639099,0.182563077215,-0.122190431356,0.982090112519,0.143417256208,-0.200462015135,0.11710152445,-0.97267785698
-0.969091390569,-0.152030239948,0.194290202701,-0.124760041366,0.981434101073,0.145677854627,-0.212830469629,0.11693550099,-0.970066636786
-0.966611941351,-0.148180724938,0.209054604339,-0.120047002558,0.982640483944,0.141443969443,-0.226384787508,0.111625051273,-0.9676206777
-0.964535534752,-0.140539451748,0.223427537925,-0.112672122407,0.984693162909,0.132982584393,-0.238696868503,0.103092373248,-0.965606424764
-0.962211324851,-0.133850743367,0.237135709727,-0.106460722618,0.986451136436,0.124820951624,-0.250630167513,0.0948584942152,-0.963424301753
-0.959447456904,-0.128850105396,0.250715431874,-0.101828156143,0.987782326764,0.117970765655,-0.26285281824,0.0876568609522,-0.96084581004
-0.956845521059,-0.128111637211,0.26083338981,-0.102038303389,0.988543871776,0.111216897172,-0.272093427833,0.0798023933618,-0.958956070185
-0.954193802534,-0.130917825666,0.269025482304,-0.105909608057,0.98876095897,0.105522134824,-0.279816622321,0.0721961836913,-0.957335034841
-0.9519566962,-0.131341637394,0.276636626002,-0.106873194012,0.989046449477,0.101809828496,-0.28697834232,0.0673535081745,-0.955566290728
-0.94954814079,-0.130101910176,0.28536261369,-0.105883292897,0.989459659033,0.0987841658948,-0.29520680312,0.0635851878576,-0.953315198283
-0.946698729821,-0.129893767622,0.294769611882,-0.106043524541,0.989757807618,0.0955732868685,-0.304164899124,0.0592207007116,-0.950776852236
-0.943462701078,-0.129941842332,0.304947945208,-0.106383611539,0.989993361316,0.0927128456419,-0.313943719274,0.0550296480312,-0.947845493193
-0.940267763547,-0.129589346196,0.31480650277,-0.105970616881,0.990187898606,0.0910942029562,-0.323522427649,0.052292703189,-0.944774423871
-0.936590657367,-0.131956271347,0.324631303151,-0.108358841164,0.990046766865,0.0898095816843,-0.333251109638,0.0489381433325,-0.941567180849
-0.93262654634,-0.138708337865,0.333118180334,-0.115501570226,0.989348832814,0.0885904864214,-0.341858322025,0.0441461664903,-0.9387140159
-0.928568357064,-0.146124203319,0.341186933314,-0.122603572297,0.988399418802,0.0896378991976,-0.350327233198,0.0414041799432,-0.935711773765
-0.924831435381,-0.150501849278,0.349336527571,-0.125730891139,0.987726226132,0.0926749438841,-0.358996600465,0.0417863084573,-0.932402995105
-0.920292062116,-0.153856652622,0.359709119776,-0.127826135028,0.987214900651,0.0952219467153,-0.369760732921,0.0416517751861,-0.928192937925
-0.914984825407,-0.155516951158,0.372313372279,-0.12878794818,0.98703548823,0.0957841812548,-0.38238257502,0.0396915970663,-0.923151202915
-0.910184363295,-0.155134854939,0.384054164926,-0.128871103367,0.987255412107,0.0933755320342,-0.393645352482,0.0354954651853,-0.918576838604
-0.905859543726,-0.154498824551,0.39439650132,-0.128975938109,0.987500026603,0.0906030068405,-0.403464613603,0.0312059396921,-0.914462954361
-0.901502618213,-0.151977324702,0.405210960035,-0.125948018476,0.987916734585,0.0903195558508,-0.414041212922,0.0303877985944,-0.909750765704
-0.897412268671,-0.151111776361,0.414507480129,-0.122631576339,0.987927811727,0.0946579912178,-0.423807404988,0.0341155369541,-0.905109614144
-0.892642429592,-0.154272553366,0.423543943612,-0.121930635522,0.987220227387,0.102611611227,-0.43396130359,0.0399524957343,-0.900045212793
-0.887344370772,-0.157942588751,0.433213695903,-0.121810011298,0.986424405775,0.110132705585,-0.444727207181,0.0449558711462,-0.894537132176
-0.88299656158,-0.1598085836,0.441336933471,-0.121918502513,0.986071577335,0.113131441769,-0.453269181594,0.0460875360564,-0.89018143546
-0.878531000954,-0.159922762607,0.4501199733,-0.121807033746,0.986143141963,0.112626595833,-0.461894281079,0.0441181771938,-0.885837038934
